1901 1.10934799048
1902 1.11023963325
1903 1.10876094164
1904 1.10923664837
1905 1.10730998786
1906 1.1109423805
1907 1.11129934822
1908 1.10717544806
1909 1.10966481574
1910 1.10954132433
1911 1.11023425978
1912 1.11096333623
1913 1.10915545132
1914 1.11259254546
1915 1.10900350462
1916 1.11088582831
1917 1.10963514291
1918 1.11043610437
1919 1.11140353373
1920 1.10861919893
1921 1.10937886722
1922 1.11138208518
1923 1.11038933571
1924 1.10701999473
1925 1.10837379795
1926 1.11052475056
1927 1.10987655551
1928 1.10876879675
1929 1.10916047655
1930 1.10805693379
1931 1.1036706563
1932 1.1095693202
1933 1.11255649532
1934 1.10993417179
1935 1.11035437503
1936 1.11337343515
1937 1.10748151369
1938 1.10754639809
1939 1.10818877315
1940 1.10556728735
1941 1.10593241798
1942 1.10749448441
1943 1.10561366035
1944 1.10403568298
1945 1.10835033011
1946 1.10772068036
1947 1.1064677228
1948 1.10796182902
1949 1.10647837511
1950 1.11104752306
1951 1.10918423661
1952 1.10401538294
1953 1.1042237083
1954 1.106766005
1955 1.10810522175
1956 1.10880302929
1957 1.11009401794
1958 1.1068600569
1959 1.11139927565
1960 1.10444240379
1961 1.11123129299
1962 1.10861481492
1963 1.10798757642
1964 1.11123633992
1965 1.11222468348
1966 1.1084733665
1967 1.11010997756
1968 1.10686270552
1969 1.10685290175
1970 1.10937253556
1971 1.1079642892
1972 1.11797109386
1973 1.10798652816
1974 1.11025597333
1975 1.10860480679
1976 1.10676796337
1977 1.10486479286
1978 1.10992955345
1979 1.11161118136
1980 1.10965678143
1981 1.10165588469
1982 1.11322524402
1983 1.10995795154
1984 1.10710941179
1985 1.10924206891
1986 1.11035261352
1987 1.1051685467
1988 1.1077357516
1989 1.10955752969
1990 1.11130777759
1991 1.1095223435
1992 1.10995388251
1993 1.10778119105
1994 1.10715793686
1995 1.10638855438
1996 1.10968243511
1997 1.10673725127
1998 1.10187166806
1999 1.10311696647
2000 1.1049827426
2001 1.10190791553
2002 1.10823641966
2003 1.10632089731
2004 1.11038961751
2005 1.10556450812
2006 1.10152452992
2007 1.10725265753
2008 1.10793365185
2009 1.10865537105
