1901 1.08900632708
1902 1.09536126502
1903 1.08935268463
1904 1.09115136792
1905 1.089967889
1906 1.08955545225
1907 1.08855585353
1908 1.08912593331
1909 1.09236200033
1910 1.0875576671
1911 1.0888511725
1912 1.09324840603
1913 1.0896273957
1914 1.0892032505
1915 1.09845394699
1916 1.09089217985
1917 1.09423992715
1918 1.08781080302
1919 1.09458271987
1920 1.08595963289
1921 1.08913571724
1922 1.09101630359
1923 1.09199399287
1924 1.08910721762
1925 1.08905673369
1926 1.09171978738
1927 1.09183007735
1928 1.0912503539
1929 1.089917123
1930 1.08547148581
1931 1.09227178676
1932 1.08724262097
1933 1.08707085034
1934 1.08237996198
1935 1.08885423224
1936 1.08792517237
1937 1.08668790708
1938 1.0830041471
1939 1.08843373988
1940 1.09341631978
1941 1.09604589082
1942 1.09391109211
1943 1.08591113326
1944 1.08744829435
1945 1.08801381065
1946 1.08713289591
1947 1.09154884267
1948 1.08818031037
1949 1.08652244469
1950 1.08785134843
1951 1.09018047645
1952 1.09246337782
1953 1.08469711945
1954 1.08781662569
1955 1.09356323607
1956 1.0912177579
1957 1.08863477963
1958 1.09233882533
1959 1.08480514159
1960 1.08849450592
1961 1.08502450627
1962 1.09126805877
1963 1.08892824493
1964 1.08651053458
1965 1.09095895601
1966 1.09466613651
1967 1.08707546296
1968 1.09164434679
1969 1.09059177025
1970 1.09040123616
1971 1.08942029114
1972 1.08571566671
1973 1.08983784255
1974 1.08353483613
1975 1.08609027856
1976 1.08918599774
1977 1.09054785259
1978 1.09237650047
1979 1.09220914767
1980 1.09125911387
1981 1.09449692339
1982 1.08913351301
1983 1.09016150904
1984 1.0861799764
1985 1.09419314187
1986 1.09125090174
1987 1.09420555806
1988 1.08977843683
1989 1.08408680264
1990 1.08444449744
1991 1.08778311321
1992 1.08639255355
1993 1.08962046054
1994 1.08962813998
1995 1.08993209012
1996 1.09114114195
1997 1.08816418878
1998 1.09191866676
1999 1.08746010517
2000 1.08574787845
2001 1.09061936936
2002 1.08819173329
2003 1.08712927934
2004 1.08639723909
2005 1.08603274443
2006 1.08439622423
2007 1.08564675748
2008 1.08481881663
2009 1.08720464013
